	E.rectale.1706.1708	M86	indolepropionate
IGR1	0	-0.03255814	-0.646132587
IGR2	1	0.034788979	1.485166275
IGR3	0	0.012909288	0.619848996
IGR4	1	-0.042109226	-0.979837205
IGR5	NA	0.025073196	1.053723063
IGR6	1	-0.028552946	-1.260521543
IGR7	NA	-0.031659005	-0.408974573
IGR8	0	-0.031513566	-0.322827638
IGR9	1	8.52E-05	0.406236743
IGR10	1	-0.06146361	-0.974564752
IGR11	1	0.030264836	0.877952666
IGR12	0	0.025985633	0.357150566
IGR13	1	0.040276389	0.813688676
IGR14	1	-0.017656525	-0.911424715
IGR15	0	0.043496247	-0.567970074
IGR16	1	0.016515498	-0.104648683
IGR17	1	0.016452439	-0.130794132
IGR18	1	-0.01326403	0.035036639
IGR19	1	0.050128985	0.764239599
IGR20	1	-0.017647104	-0.421332158
IGR21	0	-0.021811791	-1.625388
IGR22	1	0.013361711	0.497442082
IGR23	1	-0.033793225	-0.834123942
IGR24	1	0.043024259	0.277456653
IGR25	1	0.035950896	0.521006461
IGR26	1	-0.010174102	-0.448700305
IGR27	1	0.046478421	0.042419589
IGR28	1	-0.013820115	0.498175737
IGR29	NA	-0.009104353	-0.145984598
IGR30	0	-0.090528083	-1.511388121
IGR31	0	0.003136551	-0.477236209
IGR32	1	0.040827492	0.542986031
IGR33	NA	0.014594936	0.52753398
IGR34	1	0.029055409	0.418392729
IGR35	0	-0.011648579	-0.122987812
IGR36	1	0.020158334	0.980252244
IGR37	1	0.057133423	1.426617445
IGR38	1	0.019586178	0.174256199
IGR39	1	-0.022455695	-0.347487263
IGR40	0	0.031697995	0.391373868
IGR41	0	0.00592188	0.680107313
IGR42	1	0.056128913	0.498756852
IGR43	1	-0.018081375	-0.332613854
IGR44	0	-0.005776837	-0.422467777
IGR45	0	-7.41E-05	-0.140317776
IGR46	1	0.037224484	1.290950455
IGR47	1	0.023721954	-0.158682044
IGR48	NA	-0.038770684	-0.068673079
IGR49	1	-0.022480692	-0.992155306
IGR50	1	0.040568347	1.263068335
IGR51	1	0.021935662	1.085892805
IGR52	1	-0.021772488	-0.102837528
IGR53	1	-0.007053387	0.05671478
IGR54	1	0.013955238	0.501871429
IGR55	0	0.106291559	2.901884867
IGR56	1	0.031087854	1.271982043
IGR57	1	0.03393767	0.562856929
IGR58	0	-0.027131938	-0.743637189
IGR59	0	0.047624106	0.049322219
IGR60	1	0.01798292	0.785346391
IGR61	NA	-0.006394296	-0.650524745
IGR62	1	-0.021159733	-0.262427534
IGR63	1	0.127639464	1.900081228
IGR64	1	-0.030087816	-0.554906537
IGR65	0	0.056005129	0.613240705
IGR66	1	0.044729198	0.840554381
IGR67	NA	-0.009317003	0.325806825
IGR68	NA	-0.045157932	-0.937704891
IGR69	1	-0.007954618	0.569622269
IGR70	1	0.043172408	0.56059981
IGR71	1	0.012089822	0.882355837
IGR72	0	0.007120506	-0.194438916
IGR73	NA	0.013071947	0.266027468
IGR74	1	-0.016063481	-0.569961953
IGR75	NA	-0.006097367	0.472514174
IGR76	1	0.01656726	0.076588624
IGR77	1	0.023112756	0.41362319
IGR78	1	0.007977969	0.67217739
IGR79	1	0.040065393	1.318062314
IGR80	1	0.062959308	1.366514756
IGR81	1	-0.045393158	-1.485619401
IGR82	1	0.057267034	1.364119102
IGR83	0	-0.010884751	-0.366510253
IGR84	1	-0.008180146	-1.402443156
IGR85	1	0.004740729	0.079241819
IGR86	1	0.07244551	1.105940351
IGR87	1	-0.061375597	-1.17088169
IGR88	0	-0.016660219	0.265839933
IGR89	1	-0.013730867	0.246198266
IGR90	1	-0.01841165	-0.039160054
IGR91	1	-0.064244699	-0.723390269
IGR92	1	0.028507958	-0.075280615
IGR93	NA	0.009437147	0.120833182
IGR94	1	-0.019967135	-0.058897348
IGR95	1	-0.004857974	-0.39755313
IGR96	1	0.046102948	1.357762487
IGR97	0	0.064925257	6.190356604
IGR98	1	-0.009110702	-0.391025826
IGR99	1	-0.039645098	-1.711803218
IGR100	1	-0.025695469	-1.042830921
IGR101	NA	0.011072031	-0.251463511
IGR102	1	0.10505449	1.87564915
IGR103	1	0.090356048	0.639389963
IGR104	1	-0.004962279	-1.493066073
IGR105	1	0.006389338	-0.175946773
IGR106	1	0.078900712	0.398009434
IGR107	1	0.062924421	1.312404613
IGR108	1	0.03359734	1.153421248
IGR109	1	-0.019267884	-0.20480674
IGR110	1	0.039693971	0.188814662
IGR111	0	0.051820921	1.592623461
IGR112	1	0.020879033	0.361765822
IGR113	1	0.113137786	1.23895802
IGR114	1	0.05562233	0.491182576
IGR115	1	0.046438842	0.902905524
IGR116	0	0.003131496	-0.720665226
IGR117	1	0.052616581	0.661037753
IGR118	0	0.05240252	-0.048115639
IGR119	1	0.016796784	0.085409886
IGR120	1	-0.062880506	-2.577908732
IGR121	NA	0.042684498	1.23550171
IGR122	0	0.007679037	-0.872228956
IGR123	1	0.006666668	0.744523072
IGR124	1	-0.022712889	-0.156810005
IGR125	0	0.023128063	0.420940428
IGR126	0	0.03838115	1.017496536
IGR127	1	0.007092427	0.667523008
IGR128	0	0.002444568	-0.151157741
IGR129	0	-0.035322886	-0.42193393
IGR130	1	-0.016884061	-0.522739993
IGR131	1	-0.035187453	-0.781979422
IGR132	1	0.05097342	0.264570081
IGR133	1	-0.001408165	-0.281292366
IGR134	1	-0.006383006	-0.845994332
IGR135	0	-0.02688166	-0.529391755
IGR136	1	-0.011267466	-0.73740288
IGR137	1	0.046088463	-0.136050672
IGR138	1	-0.039434926	-0.811406224
IGR139	1	-0.049501639	-0.632314754
IGR140	NA	0.098645375	1.830779588
IGR141	1	0.005431328	0.005845037
IGR142	1	0.01146351	-0.066740472
IGR143	0	-0.028843028	-1.750820659
IGR144	1	0.067080886	1.173706003
IGR145	NA	0.04389691	0.52256732
IGR146	0	-0.051859595	-0.752960566
IGR147	1	-0.017270993	-0.352891313
IGR148	1	-0.004117632	-0.32489484
IGR149	0	-0.051550038	-0.789998483
IGR150	1	0.089570595	0.468678391
IGR151	1	0.012847211	0.681122691
IGR152	1	0.008153251	0.438786781
IGR153	0	0.007698782	-0.055811807
IGR154	0	-0.050086479	-2.262526587
IGR155	1	0.019183865	0.382007544
IGR156	0	-0.020558735	-0.489425131
IGR157	1	0.057980692	-0.111201456
IGR158	1	0.079664122	1.616995481
IGR159	NA	-0.008138495	0.71427538
IGR160	1	-0.03912953	-0.941148001
IGR161	NA	0.007939179	0.971982067
IGR162	1	0.033377005	0.604304802
IGR163	1	0.006242144	1.157613705
IGR164	0	-0.037960243	-1.414127563
IGR165	NA	-0.015008581	0.613267693
IGR166	0	-0.048504829	-0.710997246
IGR167	1	-0.028919761	-0.459384633
IGR168	1	0.011165769	0.419666807
IGR169	0	-0.016791865	-0.001729294
IGR170	NA	-0.025813795	0.079345787
IGR171	0	-0.00052946	0.922932228
IGR172	1	-0.013002503	-0.493012132
IGR173	1	0.016260687	0.010391438
IGR174	0	0.022597442	0.682941533
IGR175	1	-0.004233906	0.891728264
IGR176	1	0.028497964	1.085815185
IGR177	1	0.014482405	0.332494668
IGR178	0	0.069564671	2.26760396
IGR179	1	-0.052264984	-0.066630516
IGR180	1	-0.021674977	-0.590338521
IGR181	0	0.02041224	-0.026821867
IGR182	1	0.069267974	2.16829325
IGR183	1	0.049944221	4.719128969
IGR184	1	-0.009243248	-0.239458659
IGR185	1	-0.049521015	-2.699564285
IGR186	1	0.008675738	-0.008454261
IGR187	1	0.017362689	0.121172807
IGR188	1	0.008859051	-0.462512262
IGR189	NA	-0.073016411	-2.133157004
IGR190	1	-0.033443978	-0.22590125
IGR191	NA	0.01634885	0.372293456
IGR192	0	-0.031621257	-1.556707841
IGR193	NA	0.009141367	-0.264574221
IGR194	NA	-0.00565156	0.122719927
IGR195	0	-0.036051311	-1.083840093
IGR196	1	-0.012162865	-0.49299196
IGR197	0	-0.006294067	-0.575978953
IGR198	1	-0.053910525	-0.514392711
IGR199	1	0.035189698	0.096659857
IGR200	1	0.004455559	0.316948779
IGR201	0	-0.008040814	-0.198547337
IGR202	0	-0.015193848	0.606103947
IGR203	0	-0.012415528	-0.302343857
IGR204	NA	-0.011745925	-1.009524827
IGR205	NA	-0.005712607	0.125482307
IGR206	1	0.057581019	0.714773315
IGR207	0	0.009312331	0.321740955
IGR208	0	-0.014621711	-0.539007028
IGR209	1	-0.030665617	0.154711266
IGR210	0	0.002434321	0.341747496
IGR211	0	0.03931467	0.116318433
IGR212	0	-0.004212923	0.673863827
IGR213	1	-0.000305158	0.297243847
IGR214	1	0.009081781	0.575441871
IGR215	1	-0.035521317	-1.1673624
IGR216	0	-0.051489944	-0.328488403
IGR217	NA	-0.022501215	-1.169759618
IGR218	1	-0.034241189	-0.45565288
IGR219	1	0.009715253	1.462523186
IGR220	1	0.023098148	0.872852166
IGR221	0	-0.045319033	-1.585374783
IGR222	1	-0.025346941	-1.976075092
IGR223	1	-0.005344107	-0.303372485
IGR224	1	0.011355578	-0.170863288
IGR225	NA	-0.008080503	0.948923602
IGR226	1	0.0498976	1.873870059
IGR227	1	-0.070030817	-1.814668981
IGR228	0	0.037426131	0.975656918
IGR229	NA	-0.025584541	-1.397999108
IGR230	1	-0.025410489	0.025605251
IGR231	1	-0.004090085	-0.009093687
IGR232	1	0.023570234	1.345036976
IGR233	1	-0.017969503	-0.32186855
IGR234	1	0.035029371	0.416849392
IGR235	1	0.045816737	0.892820829
IGR236	1	0.046086607	1.341767278
IGR237	0	-0.003764696	-0.322040517
IGR238	1	-0.033956976	-0.161542637
IGR239	0	-0.059765285	-0.825638397
IGR240	1	-0.003444729	0.542909045
IGR241	0	0.000620168	-0.027127146
IGR242	0	-0.0021635	0.142569351
IGR243	1	-0.033784336	-1.050213588
IGR244	0	0.009780824	0.68468036
IGR245	1	0.021047456	0.051485013
IGR246	NA	0.021748097	1.100642282
IGR247	0	-0.019259187	-0.559942059
IGR248	0	-0.002371267	-0.161749577
IGR249	NA	-0.012695903	-0.403763985
IGR250	1	-0.039843256	-0.421989392
IGR251	0	-0.012714838	0.494258401
IGR252	1	0.053348606	1.167174112
IGR253	NA	-0.006865411	-2.587420227
IGR254	1	0.053793305	0.894218253
IGR255	0	0.007274276	0.076023458
IGR256	0	0.002094473	0.820898048
IGR257	1	-0.001470333	0.323484492
IGR258	1	-0.007841885	0.069939751
IGR259	0	0.014805236	0.834692166
IGR260	NA	-0.008518004	-2.366740506
IGR261	1	-0.006450553	-0.290523475
IGR262	1	-0.067639511	-1.47407628
IGR263	0	0.050454304	-0.447729089
IGR264	1	0.039369091	0.399701943
IGR265	NA	-0.001342564	0.156519711
IGR266	1	-0.073717532	-1.958126929
IGR267	0	0.046779227	1.047804509
IGR268	1	-0.012753341	0.546385899
IGR269	1	-0.034291415	0.99545077
IGR270	1	-0.013216289	-0.072643609
IGR271	NA	-0.029283462	-0.837565798
IGR272	0	-0.01574932	-0.628247917
IGR273	1	-0.015720191	-0.113665096
IGR274	0	-0.00348349	-1.692863418
IGR275	NA	0.024564257	0.992981188
IGR276	1	-0.004354085	0.505313938
IGR277	NA	-0.001135207	-0.605911459
IGR278	1	-0.029545734	-0.531938145
IGR279	1	-0.051775561	-1.086609762
IGR280	0	-0.03195977	-0.789342444
IGR281	1	0.010911065	0.276248172
IGR282	1	-0.011228549	0.155009429
IGR283	1	-0.002758296	0.201597131
IGR284	0	0.052591005	1.316834957
IGR285	1	-0.03572897	-0.767241403
IGR286	0	-0.029286732	-0.1081027
IGR287	1	-0.042269844	-0.856339328
IGR288	NA	-0.017256641	-0.311495175
IGR289	1	-0.045247029	-5.656506107
IGR290	0	-0.008529696	1.012545695
IGR291	0	-0.015699105	-0.485049371
IGR292	1	-0.010986613	-0.414589034
IGR293	1	0.051559422	1.464211377
IGR294	1	0.019111455	1.832270515
IGR295	1	-0.023556494	0.090638145
IGR296	0	-0.028323028	-1.027539046
IGR297	1	-0.037641094	-3.027821544
IGR298	1	0.019137374	1.203422197
IGR299	1	-0.029400596	-0.306498724
IGR300	1	0.002403268	0.174737573
IGR301	1	0.04782128	1.632298365
IGR302	1	0.051122894	1.416312724
IGR303	0	0.007822037	-0.460536999
IGR304	1	0.039265948	0.316154863
IGR305	NA	-0.012113401	-0.364906366
IGR306	1	0.049537916	1.006636083
IGR307	1	0.033358702	0.153288949
IGR308	1	0.034920768	3.740415875
IGR309	NA	0.01135453	0.505401508
IGR310	1	0.022995034	1.084219515
IGR311	0	-0.028433753	-3.712468292
IGR312	1	0.015244933	0.623403245
IGR313	1	-0.057373879	-1.607946465
IGR314	1	-0.011182123	-0.451294235
IGR315	1	0.023193661	0.291551735
IGR316	1	-0.025989972	-0.713583592
IGR317	0	-0.004847285	0.447277622
IGR318	1	-0.044951243	-0.333948241
IGR319	1	-0.008891006	0.342793307
IGR320	1	-0.040213652	-1.057354003
IGR321	1	0.042120718	0.280538515
IGR322	0	-0.011988862	0.275326736
IGR323	NA	0.061691891	0.830146751
IGR324	0	-0.032228443	-0.458293079
IGR325	1	0.024053656	0.807608256
IGR326	1	-0.008366558	0.185142939
IGR327	1	-0.027902249	-0.485665703
IGR328	0	0.006114342	-0.504285408
IGR329	0	-0.055212544	-0.855494426
IGR330	0	-0.094966444	-1.083119967
IGR331	0	-0.050350895	-1.565833141
IGR332	0	-0.008069573	-1.886286721
IGR333	1	-0.069331607	-1.428008968
IGR334	NA	-0.034016771	-0.622339813
IGR335	1	0.015475926	0.612036632
IGR336	0	0.020342339	0.871490958
IGR337	NA	-0.034917576	-0.867723776
IGR338	0	-0.021428358	0.028281908
IGR339	1	-0.010679968	0.209791101
IGR340	1	0.047210406	0.531034741
IGR341	1	0.006383719	0.88068161
IGR342	1	-0.011959187	0.207486715
IGR343	1	0.058113953	1.576307619
IGR344	NA	-0.016697459	-0.116269358
IGR345	1	0.073722465	1.474976729
IGR346	1	0.01183395	-0.35380505
IGR347	1	0.031723934	0.726261764
IGR348	0	-0.011672397	-0.698761629
IGR349	1	0.008983473	0.820728778
IGR350	NA	-0.043380751	-0.14146937
IGR351	1	0.012511292	0.261224519
IGR352	0	-0.064047108	-0.6142653
IGR353	NA	0.001365612	0.78537825
IGR354	1	0.046869757	0.925333212
IGR355	0	-0.086543373	-1.327295764
IGR356	NA	0.041559928	-0.728700751
IGR357	1	0.052499206	1.156884682
IGR358	NA	0.04476578	0.361397543
IGR359	NA	-0.015277667	-0.483111847
IGR360	1	0.01375913	-0.238884838
IGR361	0	0.021309707	0.267153088
IGR362	1	0.024475249	0.88414282
IGR363	1	0.045802585	1.128235904
IGR364	1	0.042527134	0.602801441
IGR365	1	0.013276549	0.609095528
IGR366	0	0.029160542	0.480942291
IGR367	NA	0.001324686	0.588153842
IGR368	NA	-0.004960006	2.75599329
IGR369	0	-0.045234043	-0.976426932
IGR370	0	0.01108558	0.319385393
IGR371	0	-0.001587196	0.215647621
IGR372	1	-0.037087758	-0.824650933
IGR373	0	-0.001101332	0.178770009
IGR374	1	0.021466385	0.470299144
IGR375	1	0.01932757	0.851311957
IGR376	1	-0.012512259	-0.375456424
IGR377	1	0.034476115	1.592531498
IGR378	1	0.029736979	1.874492505
IGR379	1	0.023102098	1.017665161
IGR380	1	0.005284355	1.064938571
IGR381	1	-0.049236512	-0.098234106
IGR382	0	-0.045343508	-0.378541646
IGR383	1	8.10E-05	0.54435951
IGR384	1	-0.01285753	0.457277134
IGR385	1	-0.0134269	-1.256761068
IGR386	1	0.012035715	0.663767435
IGR387	1	-0.049684706	-0.693434676
IGR388	1	-0.046719362	-0.767137239
IGR389	1	0.075930301	1.640248687
IGR390	0	0.004130628	0.529670451
IGR391	1	-0.009649212	-0.062390572
IGR392	1	-0.02568206	-0.840599434
IGR393	NA	0.029619835	1.034860548
IGR394	1	-0.040534716	-0.518780493
IGR395	NA	-0.020391993	-0.557929903
IGR396	0	-0.016466381	-0.121410588
IGR397	1	-0.032280701	-1.250744961
IGR398	0	-0.008048508	-0.556241906
IGR399	NA	-0.063590959	-1.489964972
IGR400	1	0.008012513	-0.034452663
IGR401	1	-0.015041905	0.302584039
IGR402	0	-0.053514351	-0.239889634
IGR403	NA	-0.037660056	-1.211208052
IGR404	NA	-0.033154935	-0.817960266
IGR405	0	-0.025004036	-0.631088398
IGR406	0	-0.007140346	-0.357895595
IGR407	NA	-0.023826128	-0.433901317
IGR408	1	0.013999141	1.063602724
IGR409	1	0.047566615	0.617009842
IGR410	1	-0.021082364	-0.597742246
IGR411	1	0.02687233	0.464103221
IGR412	NA	-0.028500959	0.18730542
IGR413	1	-0.000943713	0.934800814
IGR414	0	-0.047084687	-0.711986751
IGR415	0	-0.027167971	-0.879931686
IGR416	0	-0.024427066	-1.847828828
IGR417	NA	-0.06450348	-0.791934048
IGR418	1	0.01172764	0.497975533
IGR419	1	0.076915093	1.578006971
IGR420	0	-0.020486133	0.141775029
IGR421	1	0.070363526	2.345262337
IGR422	0	0.045616729	1.169400544
IGR423	0	-0.01823106	-1.292118045
IGR424	0	0.004687877	0.163646119
IGR425	NA	-0.076759504	-0.763808334
IGR426	NA	-0.054209003	-1.065083186
IGR427	1	-0.028686556	-1.371884648
IGR428	1	-0.057449341	-0.748334348
IGR429	0	-0.005690841	0.645640584
IGR430	NA	0.029952318	0.914281178
IGR431	0	-0.006947379	0.182962835
IGR432	0	-0.001520602	0.416670611
IGR433	1	0.025462251	0.473711017
IGR434	1	0.062335863	3.511049674
IGR435	1	-0.016485284	-0.269014004
IGR436	1	-0.026107511	-0.453678464
IGR437	0	0.029968739	0.325100146
IGR438	NA	-0.035867517	-0.255616751
IGR439	0	-0.048646909	-1.413813933
IGR440	1	0.003881422	0.216832015
IGR441	1	0.017716177	0.364862204
IGR442	1	0.005434184	0.401043295
IGR443	1	0.013121515	0.360733726
IGR444	1	-0.012050096	-1.066512267
IGR445	1	0.022567249	0.19155616
IGR446	1	0.011406102	0.231567784
IGR447	1	0.026967236	0.80050887
IGR448	1	-0.050058069	-0.165627418
IGR449	0	-0.035546384	-0.60645753
IGR450	1	-0.019614675	-0.110648898
IGR451	1	0.038021896	0.378913078
IGR452	1	-0.015247475	0.053030541
IGR453	0	-0.025578653	-0.722965337
IGR454	1	-0.029901067	-0.342973545
IGR455	NA	-0.024773619	-0.085260178
IGR456	0	0.014915013	-0.003185235
IGR457	1	-0.001217852	0.129055955
IGR458	1	-0.001682165	-0.028878352
IGR459	0	0.00035338	-0.068279277
IGR460	1	-0.001389547	0.238017216
IGR461	1	-0.018304984	-0.634499314
IGR462	1	-0.044945462	-1.744579108
IGR463	0	-0.017360897	-0.914700685
IGR464	1	0.053041795	0.787553554
IGR465	0	0.012574401	0.012111438
IGR466	0	-0.029979539	-1.183636247
IGR467	NA	-0.025752934	-0.822536636
IGR468	1	0.026411546	0.695384335
IGR469	1	0.022938641	-0.63877111
IGR470	1	0.075316964	1.580520924
IGR471	0	0.017643265	0.521029391
IGR472	0	0.016262477	0.482109533
IGR473	1	0.072604565	2.352092518
IGR474	1	0.032955249	0.977865817
IGR475	1	-0.023254145	-0.707921049
IGR476	1	-0.005367454	-0.107065982
IGR477	1	0.032539173	0.917398741
IGR478	1	-0.015886562	-0.418318801
IGR479	1	0.038985403	0.700829303
IGR480	NA	-0.023883518	-0.695176672
IGR481	1	0.019714273	0.643143823
IGR482	0	-0.037591752	-0.630712891
IGR483	NA	-0.05495528	-3.699548098
IGR484	1	-0.011660553	-1.319620877
IGR485	1	0.008320806	-0.293140717
IGR486	1	0.02091821	0.831903977
IGR487	0	0.014849114	0.182355292
IGR488	NA	0.007691522	-0.070218529
IGR489	1	-0.000903581	-0.45501428
IGR490	0	-0.043649518	-0.751465218
IGR491	1	-0.040639564	-0.209840952
IGR492	1	-0.016259799	-0.086525446
IGR493	1	-0.036439466	-0.577471499
IGR494	0	-0.02230454	0.100225892
IGR495	0	0.001154855	-0.195407487
IGR496	1	-0.043738907	-0.34096611
IGR497	0	-0.019516756	-0.272063481
IGR498	0	-0.027958134	0.385881498
IGR499	0	0.00292001	0.636650347
IGR500	0	-0.030050013	-0.966151483
IGR501	1	-0.095681721	-2.759929607
IGR502	0	-0.063217349	-2.520470999
IGR503	NA	-0.010352565	-0.271989908
IGR504	1	-0.001853598	-0.076780243
IGR505	1	-0.049054371	-1.00648588
IGR506	0	-0.054757708	-2.387300505
IGR507	1	-0.01671938	-0.841612186
IGR508	0	-0.062524286	-1.232837716
IGR509	NA	-0.05333027	-2.146603463
IGR510	0	0.019645165	0.018314002
IGR511	NA	0.068107615	1.23636976
IGR512	NA	-0.068592601	-0.955469983
IGR513	NA	-0.04003044	-0.735597031
IGR514	1	-0.039048718	-0.464978242
IGR515	1	0.038181849	0.804638708
IGR516	1	0.022865813	0.185598253
IGR517	1	-0.042918878	-0.374968918
IGR518	0	0.037432108	0.896214621
IGR519	1	-0.074093682	-1.924250106
IGR520	NA	-0.022914137	-0.89387036
IGR521	1	0.025407406	-1.042592478
IGR522	0	0.027320906	1.154794127
IGR523	1	-0.060359452	-1.890536641
IGR524	0	0.001069099	0.387360395
IGR525	0	0.008409096	0.190126683
IGR526	1	0.051754825	0.646169852
IGR527	NA	-0.033564852	-1.113746697
IGR528	1	0.006773981	0.128596837
IGR529	NA	0.003821126	-0.148576279
IGR530	NA	-0.021260529	-0.737644262
IGR531	1	0.004039943	0.245173018
IGR532	NA	-0.010258524	-0.385019871
IGR533	1	0.023027806	-0.372754148
IGR534	0	0.018985206	-0.232521106
IGR535	NA	0.063563327	1.556720287
IGR536	1	0.017900938	1.306563356
IGR537	1	0.036467812	1.015150584
IGR538	1	0.021344682	1.305981956
IGR539	1	-0.091413945	-1.194299835
IGR540	0	-0.040025425	0.018972783
IGR541	0	-0.026790848	0.095494395
IGR542	1	0.011604411	0.064448153
IGR543	1	-0.026446596	-1.718579076
IGR544	0	0.045389191	0.792728518
IGR545	1	-0.02815846	-1.022118675
IGR546	1	0.025625405	0.613334082
IGR547	0	-0.013089301	-0.341791606
IGR548	NA	0.010471932	-1.15592492
IGR549	1	0.005629915	-0.039516024
IGR550	1	-0.016888785	-1.469983365
IGR551	0	0.007027263	0.568149901
IGR552	1	-0.05757583	-1.226676227
IGR553	1	-0.035106659	-1.480273441
IGR554	0	0.005245041	-0.39368034
IGR555	1	0.024275013	0.630403654
IGR556	NA	0.06595148	1.405096122
IGR557	1	0.049207003	1.773429991
IGR558	0	0.043024345	0.775578006
IGR559	1	-0.022626215	-0.048166555
IGR560	1	0.02147954	0.572463967
IGR561	0	-0.068818254	-2.298939244
IGR562	NA	-0.035959161	-0.55787243
IGR563	1	-0.01274761	-0.65815027
IGR564	1	0.033873343	0.827189676
IGR565	1	-0.020490688	-0.461371168
IGR566	1	0.030726267	1.4491464
IGR567	0	-0.021989385	-1.234086587
IGR568	1	0.015430335	-0.088740427
IGR569	1	-0.041344689	-1.384436844
IGR570	NA	-0.05359523	-1.228783855
IGR571	NA	0.018068747	0.422993668
IGR572	0	0.01307678	0.712636139
IGR573	1	0.002284812	-0.311334209
IGR574	1	-0.002575931	-0.671739574
IGR575	1	-0.030385122	-0.810875219
IGR576	0	-0.019250093	0.951133739
IGR577	0	-0.011781624	-0.202155925
IGR578	1	0.019548789	1.005053018
IGR579	1	0.004925235	-0.10219808
IGR580	0	-0.025150476	-1.166395742
IGR581	NA	-0.069213587	-0.656057089
IGR582	1	-0.036132007	-1.077516963
IGR583	1	-0.016510114	-1.4615982
IGR584	1	-0.006930911	0.493590134
IGR585	1	-0.032708042	-1.206836299
IGR586	1	0.023672324	0.71481679
IGR587	1	-0.035814471	-0.403639341
IGR588	NA	-0.006999821	-0.132490639
IGR589	1	0.042445414	1.077445954
IGR590	0	-0.045529002	-0.655163317
IGR591	0	-0.027860937	-0.452736267
IGR592	NA	0.001104715	-0.243179584
IGR593	1	0.012255919	0.154188578
IGR594	1	0.006574523	-0.183587881
IGR595	1	0.020612514	0.371374182
IGR596	1	-0.02438448	0.714870837
IGR597	1	0.015046158	-0.390543245
IGR598	1	0.013191032	0.027471318
IGR599	1	-0.016888078	-0.127956623
IGR600	0	0.050071512	-0.187943065
IGR601	1	-0.021003296	-0.634976953
IGR602	1	-0.038432112	-1.12903734
IGR603	0	-0.033164076	-1.137781645
IGR604	NA	-0.052348773	-0.937139784
IGR605	1	0.008392649	0.371453397
IGR606	1	0.013797224	0.085646314
IGR607	1	-0.022882791	-0.503794992
IGR608	0	-0.051813827	-1.382887752
IGR609	1	-0.022923395	-0.631983546
IGR610	1	0.059369888	0.537363596
IGR611	1	0.075950872	1.254104726
IGR612	1	0.026278355	0.366795397
IGR613	1	0.009562654	-0.024938953
IGR614	0	0.082553663	1.390655128
IGR615	1	0.022633462	0.457439199
IGR616	1	0.067017092	2.159911835
IGR617	0	-0.017045877	-0.178167407
IGR618	1	-0.008272797	0.007706444
IGR619	1	0.03074586	0.403878287
IGR620	1	0.028221299	0.55468328
IGR621	1	-0.02296984	-0.303447955
IGR622	1	-0.033102006	-0.797084514
IGR623	1	-0.025644258	-0.455250065
IGR624	1	0.021092314	0.079680374
IGR625	NA	-0.031842081	-0.602989768
IGR626	1	0.065179578	1.428393603
IGR627	1	0.034040408	0.194237857
IGR628	1	-0.000225403	0.011044364
IGR629	NA	0.000476272	-0.522678757
IGR630	0	-0.022136971	-1.144080285
IGR631	0	-0.064074445	-1.176680785
IGR632	0	-0.023723455	-0.813286743
IGR633	1	0.014750049	1.378167109
IGR634	1	-0.039848266	-0.21154803
IGR635	0	0.015630446	-0.233857598
IGR636	1	-0.017641866	-0.511792116
IGR637	1	-0.007327973	-0.215716745
IGR638	1	0.028447108	0.179861784
IGR639	0	0.036161722	0.56234478
IGR640	1	0.062400924	1.462055993
IGR641	0	0.002693584	-0.18889477
IGR642	1	-0.020816035	-0.83219667
IGR643	0	-0.010780002	-0.729287019
IGR644	NA	0.018034141	0.000474534
IGR645	1	0.029669325	-0.007068625
IGR646	1	-0.030376158	-0.191385857
IGR647	0	0.033254971	0.775875729
IGR648	1	-0.033827722	-1.271443586
IGR649	0	-0.042750159	-1.345772779
IGR650	0	-0.027272633	-0.710660047
IGR651	1	-0.033797139	-0.021337487
IGR652	0	-0.043897047	-0.455996211
IGR653	1	0.013063052	0.309363047
IGR654	1	0.012949446	0.380882924
IGR655	1	0.039054261	1.256221422
IGR656	1	-0.045579618	-0.781800367
IGR657	1	0.022474118	0.610203262
IGR658	1	0.091211437	1.843249644
IGR659	1	-0.040852541	-1.553611175
IGR660	1	0.071496547	1.076560596
IGR661	1	-0.048471819	-0.036431452
IGR662	1	0.000906666	0.83010304
IGR663	1	0.048658054	0.062933044
IGR664	1	0.065340577	2.461838969
IGR665	1	-0.007099059	0.16726788
IGR666	1	0.009028624	0.173708256
IGR667	1	0.066309147	1.370131814
IGR668	1	0.007798863	-0.093153479
IGR669	1	-0.019577913	0.060135684
IGR670	1	0.072641797	1.399596436
IGR671	NA	0.01116835	-0.35864637
IGR672	1	0.010840784	0.573151755
IGR673	1	-0.001567391	0.576589606
IGR674	1	0.008974916	-0.626020829
IGR675	0	0.028545954	0.2304536
IGR676	1	0.003306892	-0.301042229
IGR677	1	0.068670452	1.557437531
IGR678	0	-0.007445769	0.919894164
IGR679	1	0.029314763	0.46041533
IGR680	1	-0.023286785	0.045224094
IGR681	1	-0.001245779	-0.219423771
IGR682	1	-0.019437082	0.273666504
IGR683	1	0.080146864	1.539814973
IGR684	0	-0.016093348	-0.727273421
IGR685	1	-0.058019223	-1.480969295
IGR686	0	0.049756853	1.434726968
IGR687	1	-0.021487654	-0.405860759
IGR688	1	0.00046622	0.327789587
IGR689	1	-0.015090478	-0.611148098
IGR690	1	0.010306493	1.11689617
IGR691	NA	-0.001546752	-0.01201448
IGR692	0	0.003710248	-1.074071867
IGR693	1	-0.006754169	-0.176552122
IGR694	1	-0.024752912	-0.149481898
IGR695	1	-0.028969946	0.208871054
IGR696	1	-0.003743999	-0.326314899
IGR697	1	-0.007643255	0.223975493
IGR698	1	0.042163202	1.235042251
IGR699	1	-0.009425193	0.663173408
IGR700	0	-0.016748082	-0.872754732
IGR701	1	-0.019189521	-0.556191767
IGR702	1	-0.051668696	-0.708612555
IGR703	1	-0.035842519	-0.650863922
IGR704	1	-0.013329754	0.344256552
IGR705	1	0.018034253	0.126908734
IGR706	1	-0.027471066	-0.292437961
IGR707	1	-0.043918827	-1.003411898
IGR708	1	0.067044608	0.675097759
IGR709	1	0.01909638	0.081131153
IGR710	1	-0.019574932	-0.292142204
IGR711	1	0.048068963	1.216760787
IGR712	1	-0.05869252	-0.679181778
IGR713	1	-0.002579558	0.202248138
IGR714	1	-0.035297929	-0.490001468
IGR715	NA	0.006684616	-0.172142933
IGR716	1	0.083809586	1.39702796
IGR717	1	-0.059865352	-0.795387073
IGR718	1	-0.008022251	0.064389457
IGR719	1	0.024305522	0.391206431
IGR720	1	-0.01795693	-0.621432604
IGR721	NA	-0.018557951	-0.007282833
IGR722	0	-0.026941596	-1.022153843
IGR723	1	0.035428416	0.274002163
IGR724	0	0.042554881	0.541015485
IGR725	1	-0.050249738	-0.54250825
IGR726	1	-0.034184081	-0.870582138
IGR727	0	-0.01516535	0.558567324
IGR728	1	0.019193366	0.483813593
IGR729	1	-0.02680134	-0.301174911
IGR730	1	0.032030439	0.763582255
IGR731	1	-0.035474564	-1.412277411
IGR732	0	-0.0018494	-0.263893759
IGR733	1	-0.004376017	0.118261298
IGR734	1	0.012036986	-0.38506205
IGR735	0	-0.051830243	-0.396128828
IGR736	1	0.01561192	0.171867508
IGR737	1	0.003978376	0.158995684
IGR738	0	0.086986683	0.836672321
IGR739	1	0.036900749	0.896573836
IGR740	1	-0.045909785	-0.703513632
IGR741	1	0.051047769	1.383514596
IGR742	1	0.023317183	-0.101478438
IGR743	0	0.078496604	0.798290032
IGR744	1	-0.06422953	-1.518991014
IGR745	1	0.028058686	0.210560907
IGR746	0	-0.005052683	0.243392041
IGR747	1	0.008601148	0.301572146
IGR748	1	-0.012704454	0.326250197
IGR749	1	0.025507262	0.701173589
IGR750	1	-0.034711773	-0.757284467
IGR751	1	-0.010861678	0.063688887
IGR752	1	-0.044754428	-0.491695589
IGR753	1	0.033945934	1.653307573
IGR754	1	-0.065731324	-0.872151151
IGR755	1	-0.016859742	-0.912711425
IGR756	NA	-0.023886065	-0.404052548
IGR757	1	0.01985356	0.127940055
IGR758	1	0.002251288	0.592683536
IGR759	1	0.025243837	-0.247878605
IGR760	0	0.002057717	0.006417795
IGR761	1	-0.052236153	-0.450200457
IGR762	1	0.010410706	0.118353067
IGR763	1	-0.027795535	-0.546326529
IGR764	1	0.115901818	2.26732525
IGR765	1	-0.037822442	-0.344164197
IGR766	1	0.00497765	0.545867372
IGR767	1	-0.033930009	-0.321820013
IGR768	1	-0.02220055	-0.328722798
IGR769	0	0.075365578	1.208126882
IGR770	1	0.001058698	-0.258911576
IGR771	1	0.016377212	0.321939451
IGR772	0	-0.028421226	-0.732213139
IGR773	1	0.036939384	1.170315353
IGR774	0	-0.023609108	-0.653726486
IGR775	1	-0.017901713	-0.444214052